Sample_Size   PB cs_value Mean_Coef_Two_Stage Bias_Two_Stage
1          200 0.25     0.80           -2.298221     -0.9082215
2          200 0.25     0.75           -2.322095     -0.9320946
3          200 0.25     0.67           -2.347789     -0.9577894
4          200 0.25     0.58           -2.293494     -0.9034943
5          200 0.25     0.48           -2.337523     -0.9475229
6          200 0.25     0.39           -2.310955     -0.9209553
7          200 0.25     0.29           -2.298579     -0.9085788
8          200 0.50     0.80           -2.245414     -0.8554142
9          200 0.50     0.75           -2.234622     -0.8446220
10         200 0.50     0.67           -2.247029     -0.8570288
11         200 0.50     0.58           -2.245502     -0.8555020
12         200 0.50     0.48           -2.234091     -0.8440912
13         200 0.50     0.39           -2.255227     -0.8652272
14         200 0.50     0.29           -2.331516     -0.9415162
15         200 0.75     0.80           -2.097776     -0.7077762
16         200 0.75     0.75           -2.210333     -0.8203329
17         200 0.75     0.67           -2.212454     -0.8224539
18         200 0.75     0.58           -2.221084     -0.8310845
19         200 0.75     0.48           -2.232232     -0.8422317
20         200 0.75     0.39           -2.274372     -0.8843723
21         200 0.75     0.29           -2.349312     -0.9593121
22         500 0.25     0.80           -2.240345     -0.8503451
23         500 0.25     0.75           -2.212503     -0.8225026
24         500 0.25     0.67           -2.227062     -0.8370618
25         500 0.25     0.58           -2.222494     -0.8324943
26         500 0.25     0.48           -2.221427     -0.8314268
27         500 0.25     0.39           -2.234507     -0.8445074
28         500 0.25     0.29           -2.236264     -0.8462641
29         500 0.50     0.80           -2.210603     -0.8206030
30         500 0.50     0.75           -2.196831     -0.8068312
31         500 0.50     0.67           -2.175941     -0.7859407
32         500 0.50     0.58           -2.194455     -0.8044548
33         500 0.50     0.48           -2.209647     -0.8196466
34         500 0.50     0.39           -2.198386     -0.8083865
35         500 0.50     0.29           -2.254148     -0.8641484
36         500 0.75     0.80           -2.055231     -0.6652310
37         500 0.75     0.75           -2.095159     -0.7051593
38         500 0.75     0.67           -2.100670     -0.7106696
39         500 0.75     0.58           -2.094157     -0.7041573
40         500 0.75     0.48           -2.170829     -0.7808285
41         500 0.75     0.39           -2.247179     -0.8571788
42         500 0.75     0.29           -2.283875     -0.8938750
43        1000 0.25     0.80           -2.196817     -0.8068168
44        1000 0.25     0.75           -2.224551     -0.8345511
45        1000 0.25     0.67           -2.224529     -0.8345290
46        1000 0.25     0.58           -2.211105     -0.8211049
47        1000 0.25     0.48           -2.210949     -0.8209493
48        1000 0.25     0.39           -2.222560     -0.8325596
49        1000 0.25     0.29           -2.202525     -0.8125255
50        1000 0.50     0.80           -2.158715     -0.7687146
51        1000 0.50     0.75           -2.168227     -0.7782266
52        1000 0.50     0.67           -2.156192     -0.7661917
53        1000 0.50     0.58           -2.186488     -0.7964884
54        1000 0.50     0.48           -2.170276     -0.7802758
55        1000 0.50     0.39           -2.193005     -0.8030046
56        1000 0.50     0.29           -2.220715     -0.8307153
57        1000 0.75     0.80           -2.064977     -0.6749765
58        1000 0.75     0.75           -2.065648     -0.6756478
59        1000 0.75     0.67           -2.063837     -0.6738370
60        1000 0.75     0.58           -2.112886     -0.7228857
61        1000 0.75     0.48           -2.164031     -0.7740310
62        1000 0.75     0.39           -2.186851     -0.7968512
63        1000 0.75     0.29           -2.269339     -0.8793392
   Abs_Bias_Two_Stage Mean_Coef_Copula  Bias_Copula Abs_Bias_Copula
1           0.9082215        -1.517297 -0.127296823     0.127296823
2           0.9320946        -1.495928 -0.105927844     0.105927844
3           0.9577894        -1.536386 -0.146386021     0.146386021
4           0.9034943        -1.504030 -0.114029970     0.114029970
5           0.9475229        -1.524724 -0.134723698     0.134723698
6           0.9209553        -1.481336 -0.091335557     0.091335557
7           0.9085788        -1.510869 -0.120869499     0.120869499
8           0.8554142        -1.493037 -0.103036516     0.103036516
9           0.8446220        -1.461027 -0.071026907     0.071026907
10          0.8570288        -1.462408 -0.072408489     0.072408489
11          0.8555020        -1.485116 -0.095116211     0.095116211
12          0.8440912        -1.455461 -0.065460914     0.065460914
13          0.8652272        -1.516560 -0.126560263     0.126560263
14          0.9415162        -1.496787 -0.106786833     0.106786833
15          0.7077762        -1.442255 -0.052254679     0.052254679
16          0.8203329        -1.502249 -0.112248796     0.112248796
17          0.8224539        -1.534169 -0.144169311     0.144169311
18          0.8310845        -1.529730 -0.139730320     0.139730320
19          0.8422317        -1.456162 -0.066161742     0.066161742
20          0.8843723        -1.510670 -0.120669508     0.120669508
21          0.9593121        -1.541244 -0.151244202     0.151244202
22          0.8503451        -1.441760 -0.051759940     0.051759940
23          0.8225026        -1.423674 -0.033674371     0.033674371
24          0.8370618        -1.434518 -0.044518115     0.044518115
25          0.8324943        -1.428012 -0.038011854     0.038011854
26          0.8314268        -1.419941 -0.029941183     0.029941183
27          0.8445074        -1.437977 -0.047977363     0.047977363
28          0.8462641        -1.439632 -0.049631690     0.049631690
29          0.8206030        -1.438854 -0.048854134     0.048854134
30          0.8068312        -1.428474 -0.038473856     0.038473856
31          0.7859407        -1.411807 -0.021806848     0.021806848
32          0.8044548        -1.429938 -0.039938089     0.039938089
33          0.8196466        -1.423471 -0.033470627     0.033470627
34          0.8083865        -1.422159 -0.032158701     0.032158701
35          0.8641484        -1.440896 -0.050896014     0.050896014
36          0.6652310        -1.416196 -0.026196326     0.026196326
37          0.7051593        -1.449555 -0.059554866     0.059554866
38          0.7106696        -1.430423 -0.040422647     0.040422647
39          0.7041573        -1.423080 -0.033079975     0.033079975
40          0.7808285        -1.428595 -0.038594612     0.038594612
41          0.8571788        -1.464167 -0.074167286     0.074167286
42          0.8938750        -1.483098 -0.093098236     0.093098236
43          0.8068168        -1.397595 -0.007595138     0.007595138
44          0.8345511        -1.413362 -0.023362359     0.023362359
45          0.8345290        -1.418936 -0.028935598     0.028935598
46          0.8211049        -1.412452 -0.022451599     0.022451599
47          0.8209493        -1.406497 -0.016496941     0.016496941
48          0.8325596        -1.409893 -0.019893294     0.019893294
49          0.8125255        -1.402227 -0.012227379     0.012227379
50          0.7687146        -1.398962 -0.008962127     0.008962127
51          0.7782266        -1.412003 -0.022002776     0.022002776
52          0.7661917        -1.396259 -0.006259194     0.006259194
53          0.7964884        -1.413360 -0.023360434     0.023360434
54          0.7802758        -1.410731 -0.020730531     0.020730531
55          0.8030046        -1.410332 -0.020332108     0.020332108
56          0.8307153        -1.426780 -0.036779551     0.036779551
57          0.6749765        -1.429252 -0.039252187     0.039252187
58          0.6756478        -1.412929 -0.022928754     0.022928754
59          0.6738370        -1.401714 -0.011713809     0.011713809
60          0.7228857        -1.411948 -0.021947778     0.021947778
61          0.7740310        -1.414735 -0.024735064     0.024735064
62          0.7968512        -1.423582 -0.033581858     0.033581858
63          0.8793392        -1.457011 -0.067011235     0.067011235
   Mean_Coef_Survival Bias_Survival Abs_Bias_Survival
1            1.412210 -0.0222101550      0.0222101550
2            1.437235 -0.0472350535      0.0472350535
3            1.498267 -0.1082674137      0.1082674137
4            1.536122 -0.1461224949      0.1461224949
5            1.607437 -0.2174367396      0.2174367396
6            1.673237 -0.2832365768      0.2832365768
7            1.783985 -0.3939849527      0.3939849527
8            1.402485 -0.0124848982      0.0124848982
9            1.428273 -0.0382731866      0.0382731866
10           1.467409 -0.0774094902      0.0774094902
11           1.528035 -0.1380352968      0.1380352968
12           1.594222 -0.2042220028      0.2042220028
13           1.617136 -0.2271362005      0.2271362005
14           1.724365 -0.3343652253      0.3343652253
15           1.410638 -0.0206381301      0.0206381301
16           1.438333 -0.0483329831      0.0483329831
17           1.454361 -0.0643608673      0.0643608673
18           1.433586 -0.0435857211      0.0435857211
19           1.455534 -0.0655337995      0.0655337995
20           1.487727 -0.0977272229      0.0977272229
21           1.541603 -0.1516026078      0.1516026078
22           1.370928  0.0190724715      0.0190724715
23           1.399874 -0.0098739887      0.0098739887
24           1.444168 -0.0541676291      0.0541676291
25           1.482487 -0.0924872237      0.0924872237
26           1.554704 -0.1647044808      0.1647044808
27           1.635502 -0.2455021990      0.2455021990
28           1.754044 -0.3640439232      0.3640439232
29           1.376321  0.0136788669      0.0136788669
30           1.400790 -0.0107897258      0.0107897258
31           1.443985 -0.0539854748      0.0539854748
32           1.488580 -0.0985800948      0.0985800948
33           1.553361 -0.1633610218      0.1633610218
34           1.607565 -0.2175645943      0.2175645943
35           1.683901 -0.2939014841      0.2939014841
36           1.364270  0.0257295889      0.0257295889
37           1.404006 -0.0140055191      0.0140055191
38           1.402110 -0.0121104622      0.0121104622
39           1.396452 -0.0064515168      0.0064515168
40           1.415206 -0.0252056966      0.0252056966
41           1.461434 -0.0714337293      0.0714337293
42           1.519990 -0.1299902438      0.1299902438
43           1.353755  0.0362449690      0.0362449690
44           1.389055  0.0009447311      0.0009447311
45           1.422489 -0.0324890025      0.0324890025
46           1.486875 -0.0968750389      0.0968750389
47           1.541894 -0.1518938353      0.1518938353
48           1.619644 -0.2296444303      0.2296444303
49           1.726615 -0.3366153439      0.3366153439
50           1.364695  0.0253045541      0.0253045541
51           1.385599  0.0044008081      0.0044008081
52           1.423622 -0.0336219356      0.0336219356
53           1.464623 -0.0746229517      0.0746229517
54           1.542862 -0.1528620993      0.1528620993
55           1.584186 -0.1941856532      0.1941856532
56           1.670486 -0.2804856632      0.2804856632
57           1.352763  0.0372370656      0.0372370656
58           1.377881  0.0121193308      0.0121193308
59           1.388849  0.0011509713      0.0011509713
60           1.394737 -0.0047367548      0.0047367548
61           1.403072 -0.0130717961      0.0130717961
62           1.431207 -0.0412074450      0.0412074450
63           1.506264 -0.1162638157      0.1162638157