Sample_Size   PB cs_value Mean_Coef_Two_Stage Bias_Two_Stage
1          200 0.50     0.80           -2.333028     -0.9430278
2          200 0.50     0.75           -2.381273     -0.9912727
3          200 0.50     0.67           -2.411836     -1.0218364
4          200 0.50     0.58           -2.347610     -0.9576105
5          200 0.50     0.48           -2.327983     -0.9379828
6          200 0.50     0.39           -2.367000     -0.9769998
7          200 0.50     0.29           -2.353815     -0.9638150
8          200 0.75     0.80           -2.563814     -1.1738140
9          200 0.75     0.75           -2.492104     -1.1021038
10         200 0.75     0.67           -2.475213     -1.0852134
11         200 0.75     0.58           -2.407883     -1.0178833
12         200 0.75     0.48           -2.477726     -1.0877262
13         200 0.75     0.39           -2.383390     -0.9933895
14         200 0.75     0.29           -2.446690     -1.0566895
15         500 0.50     0.80           -2.349931     -0.9599307
16         500 0.50     0.75           -2.353542     -0.9635418
17         500 0.50     0.67           -2.388571     -0.9985706
18         500 0.50     0.58           -2.378992     -0.9889918
19         500 0.50     0.48           -2.380865     -0.9908649
20         500 0.50     0.39           -2.342579     -0.9525791
21         500 0.50     0.29           -2.394526     -1.0045258
22         500 0.75     0.80           -2.490945     -1.1009449
23         500 0.75     0.75           -2.531194     -1.1411937
24         500 0.75     0.67           -2.463160     -1.0731604
25         500 0.75     0.58           -2.468583     -1.0785831
26         500 0.75     0.48           -2.417731     -1.0277311
27         500 0.75     0.39           -2.438075     -1.0480747
28         500 0.75     0.29           -2.422653     -1.0326527
29        1000 0.50     0.80           -2.372142     -0.9821421
30        1000 0.50     0.75           -2.354327     -0.9643270
31        1000 0.50     0.67           -2.372585     -0.9825849
32        1000 0.50     0.58           -2.371321     -0.9813210
33        1000 0.50     0.48           -2.348843     -0.9588426
34        1000 0.50     0.39           -2.361590     -0.9715901
35        1000 0.50     0.29           -2.395340     -1.0053400
36        1000 0.75     0.80           -2.477180     -1.0871800
37        1000 0.75     0.75           -2.454434     -1.0644343
38        1000 0.75     0.67           -2.472183     -1.0821826
39        1000 0.75     0.58           -2.410402     -1.0204023
40        1000 0.75     0.48           -2.416903     -1.0269030
41        1000 0.75     0.39           -2.400482     -1.0104817
42        1000 0.75     0.29           -2.438817     -1.0488172
   Abs_Bias_Two_Stage Mean_Coef_Copula Bias_Copula Abs_Bias_Copula
1           0.9430278        -1.548985 -0.15898546      0.15898546
2           0.9912727        -1.543989 -0.15398884      0.15398884
3           1.0218364        -1.552057 -0.16205685      0.16205685
4           0.9576105        -1.536790 -0.14679001      0.14679001
5           0.9379828        -1.515476 -0.12547645      0.12547645
6           0.9769998        -1.562587 -0.17258730      0.17258730
7           0.9638150        -1.531924 -0.14192402      0.14192402
8           1.1738140        -1.571310 -0.18130982      0.18130982
9           1.1021038        -1.529188 -0.13918790      0.13918790
10          1.0852134        -1.523446 -0.13344570      0.13344570
11          1.0178833        -1.519437 -0.12943720      0.12943720
12          1.0877262        -1.546359 -0.15635906      0.15635906
13          0.9933895        -1.522784 -0.13278441      0.13278441
14          1.0566895        -1.538252 -0.14825197      0.14825197
15          0.9599307        -1.449716 -0.05971616      0.05971616
16          0.9635418        -1.448469 -0.05846941      0.05846941
17          0.9985706        -1.461683 -0.07168339      0.07168339
18          0.9889918        -1.452246 -0.06224641      0.06224641
19          0.9908649        -1.446509 -0.05650932      0.05650932
20          0.9525791        -1.445683 -0.05568323      0.05568323
21          1.0045258        -1.466146 -0.07614594      0.07614594
22          1.1009449        -1.462209 -0.07220862      0.07220862
23          1.1411937        -1.486319 -0.09631949      0.09631949
24          1.0731604        -1.442050 -0.05205023      0.05205023
25          1.0785831        -1.442547 -0.05254741      0.05254741
26          1.0277311        -1.443252 -0.05325249      0.05325249
27          1.0480747        -1.450747 -0.06074682      0.06074682
28          1.0326527        -1.465499 -0.07549868      0.07549868
29          0.9821421        -1.419322 -0.02932198      0.02932198
30          0.9643270        -1.416710 -0.02671048      0.02671048
31          0.9825849        -1.419752 -0.02975217      0.02975217
32          0.9813210        -1.417853 -0.02785297      0.02785297
33          0.9588426        -1.413096 -0.02309555      0.02309555
34          0.9715901        -1.416780 -0.02678037      0.02678037
35          1.0053400        -1.421304 -0.03130383      0.03130383
36          1.0871800        -1.423933 -0.03393314      0.03393314
37          1.0644343        -1.414645 -0.02464512      0.02464512
38          1.0821826        -1.412277 -0.02227723      0.02227723
39          1.0204023        -1.401526 -0.01152612      0.01152612
40          1.0269030        -1.407679 -0.01767878      0.01767878
41          1.0104817        -1.404043 -0.01404273      0.01404273
42          1.0488172        -1.429136 -0.03913587      0.03913587
   Mean_Coef_Survival Bias_Survival Abs_Bias_Survival
1           0.8692289     0.5207711         0.5207711
2           0.9034946     0.4865054         0.4865054
3           0.9364413     0.4535587         0.4535587
4           0.9547908     0.4352092         0.4352092
5           1.0017350     0.3882650         0.3882650
6           1.0184712     0.3715288         0.3715288
7           1.0550105     0.3349895         0.3349895
8           0.8697315     0.5202685         0.5202685
9           0.8865131     0.5034869         0.5034869
10          0.9146316     0.4753684         0.4753684
11          0.8930041     0.4969959         0.4969959
12          0.9087231     0.4812769         0.4812769
13          0.9308196     0.4591804         0.4591804
14          0.9697582     0.4202418         0.4202418
15          0.8529775     0.5370225         0.5370225
16          0.8724562     0.5175438         0.5175438
17          0.9041922     0.4858078         0.4858078
18          0.9383346     0.4516654         0.4516654
19          0.9774837     0.4125163         0.4125163
20          0.9990694     0.3909306         0.3909306
21          1.0485647     0.3414353         0.3414353
22          0.8512039     0.5387961         0.5387961
23          0.8722873     0.5177127         0.5177127
24          0.8830122     0.5069878         0.5069878
25          0.8807778     0.5092222         0.5092222
26          0.8904345     0.4995655         0.4995655
27          0.9128762     0.4771238         0.4771238
28          0.9421206     0.4478794         0.4478794
29          0.8453093     0.5446907         0.5446907
30          0.8629142     0.5270858         0.5270858
31          0.8930788     0.4969212         0.4969212
32          0.9272503     0.4627497         0.4627497
33          0.9652324     0.4247676         0.4247676
34          0.9988057     0.3911943         0.3911943
35          1.0306547     0.3593453         0.3593453
36          0.8330598     0.5569402         0.5569402
37          0.8635121     0.5264879         0.5264879
38          0.8718355     0.5181645         0.5181645
39          0.8714132     0.5185868         0.5185868
40          0.8864010     0.5035990         0.5035990
41          0.8949564     0.4950436         0.4950436
42          0.9344984     0.4555016         0.4555016