 Sample_Size   PB cs_value Mean_Coef_Two_Stage Bias_Two_Stage
1          200 0.25     0.80           -2.375880     -0.9858797
2          200 0.25     0.75           -2.445793     -1.0557926
3          200 0.25     0.67           -2.385924     -0.9959241
4          200 0.25     0.58           -2.399492     -1.0094921
5          200 0.25     0.48           -2.464192     -1.0741923
6          200 0.25     0.39           -2.460735     -1.0707354
7          200 0.25     0.29           -2.463920     -1.0739202
8          500 0.25     0.80           -2.395446     -1.0054462
9          500 0.25     0.75           -2.404310     -1.0143102
10         500 0.25     0.67           -2.439700     -1.0496999
11         500 0.25     0.58           -2.411478     -1.0214777
12         500 0.25     0.48           -2.445716     -1.0557163
13         500 0.25     0.39           -2.464969     -1.0749687
14         500 0.25     0.29           -2.409394     -1.0193937
15        1000 0.25     0.80           -2.423973     -1.0339728
16        1000 0.25     0.75           -2.424931     -1.0349307
17        1000 0.25     0.67           -2.440061     -1.0500611
18        1000 0.25     0.58           -2.418947     -1.0289470
19        1000 0.25     0.48           -2.424883     -1.0348832
20        1000 0.25     0.39           -2.401923     -1.0119234
21        1000 0.25     0.29           -2.425781     -1.0357814
   Abs_Bias_Two_Stage Mean_Coef_Copula Bias_Copula Abs_Bias_Copula
1           0.9858797        -1.522691 -0.13269118      0.13269118
2           1.0557926        -1.537930 -0.14792998      0.14792998
3           0.9959241        -1.544795 -0.15479490      0.15479490
4           1.0094921        -1.548443 -0.15844276      0.15844276
5           1.0741923        -1.559601 -0.16960109      0.16960109
6           1.0707354        -1.576592 -0.18659199      0.18659199
7           1.0739202        -1.547654 -0.15765353      0.15765353
8           1.0054462        -1.455291 -0.06529097      0.06529097
9           1.0143102        -1.450147 -0.06014687      0.06014687
10          1.0496999        -1.463892 -0.07389226      0.07389226
11          1.0214777        -1.463308 -0.07330803      0.07330803
12          1.0557163        -1.464361 -0.07436074      0.07436074
13          1.0749687        -1.483285 -0.09328469      0.09328469
14          1.0193937        -1.450115 -0.06011483      0.06011483
15          1.0339728        -1.426249 -0.03624922      0.03624922
16          1.0349307        -1.430069 -0.04006875      0.04006875
17          1.0500611        -1.434091 -0.04409067      0.04409067
18          1.0289470        -1.414059 -0.02405906      0.02405906
19          1.0348832        -1.427416 -0.03741604      0.03741604
20          1.0119234        -1.412821 -0.02282144      0.02282144
21          1.0357814        -1.425833 -0.03583319      0.03583319
   Mean_Coef_Survival Bias_Survival Abs_Bias_Survival
1           0.8582571     0.5317429         0.5317429
2           0.8853695     0.5046305         0.5046305
3           0.9235437     0.4664563         0.4664563
4           0.9562939     0.4337061         0.4337061
5           1.0079622     0.3820378         0.3820378
6           1.0599395     0.3300605         0.3300605
7           1.1348147     0.2551853         0.2551853
8           0.8413818     0.5486182         0.5486182
9           0.8716598     0.5183402         0.5183402
10          0.9029069     0.4870931         0.4870931
11          0.9344070     0.4555930         0.4555930
12          0.9753202     0.4146798         0.4146798
13          1.0292165     0.3607835         0.3607835
14          1.0840883     0.3059117         0.3059117
15          0.8373072     0.5526928         0.5526928
16          0.8693902     0.5206098         0.5206098
17          0.8955820     0.4944180         0.4944180
18          0.9303795     0.4596205         0.4596205
19          0.9716787     0.4183213         0.4183213
20          1.0045617     0.3854383         0.3854383
21          1.0726388     0.3173612         0.3173612