Sample_Size   PB cs_value Mean_Coef_Two_Stage Bias_Two_Stage
1          200 0.25     0.80           -2.590388      -1.200388
2          200 0.25     0.75           -2.573603      -1.183603
3          200 0.25     0.67           -2.565992      -1.175992
4          200 0.25     0.58           -2.601095      -1.211095
5          200 0.25     0.48           -2.581162      -1.191162
6          200 0.25     0.39           -2.577933      -1.187933
7          200 0.25     0.29           -2.543798      -1.153798
8          500 0.25     0.80           -2.549580      -1.159580
9          500 0.25     0.75           -2.551246      -1.161246
10         500 0.25     0.67           -2.540333      -1.150333
11         500 0.25     0.58           -2.599518      -1.209518
12         500 0.25     0.48           -2.568688      -1.178688
13         500 0.25     0.39           -2.599186      -1.209186
14         500 0.25     0.29           -2.552231      -1.162231
15        1000 0.25     0.80           -2.575356      -1.185356
16        1000 0.25     0.75           -2.562952      -1.172952
17        1000 0.25     0.67           -2.579929      -1.189929
18        1000 0.25     0.58           -2.563028      -1.173028
19        1000 0.25     0.48           -2.535744      -1.145744
20        1000 0.25     0.39           -2.568714      -1.178714
21        1000 0.25     0.29           -2.549942      -1.159942
   Abs_Bias_Two_Stage Mean_Coef_Copula Bias_Copula Abs_Bias_Copula
1            1.200388        -1.510966 -0.12096615      0.12096615
2            1.183603        -1.521406 -0.13140558      0.13140558
3            1.175992        -1.526439 -0.13643928      0.13643928
4            1.211095        -1.533406 -0.14340635      0.14340635
5            1.191162        -1.514193 -0.12419341      0.12419341
6            1.187933        -1.511211 -0.12121108      0.12121108
7            1.153798        -1.515377 -0.12537664      0.12537664
8            1.159580        -1.449824 -0.05982371      0.05982371
9            1.161246        -1.461177 -0.07117704      0.07117704
10           1.150333        -1.459004 -0.06900407      0.06900407
11           1.209518        -1.478354 -0.08835404      0.08835404
12           1.178688        -1.471968 -0.08196806      0.08196806
13           1.209186        -1.486283 -0.09628285      0.09628285
14           1.162231        -1.460653 -0.07065266      0.07065266
15           1.185356        -1.423695 -0.03369493      0.03369493
16           1.172952        -1.428239 -0.03823948      0.03823948
17           1.189929        -1.429768 -0.03976817      0.03976817
18           1.173028        -1.425288 -0.03528827      0.03528827
19           1.145744        -1.420217 -0.03021695      0.03021695
20           1.178714        -1.426778 -0.03677776      0.03677776
21           1.159942        -1.422594 -0.03259439      0.03259439
   Mean_Coef_Survival Bias_Survival Abs_Bias_Survival
1           0.6636178     0.7263822         0.7263822
2           0.6876713     0.7023287         0.7023287
3           0.6975517     0.6924483         0.6924483
4           0.7324032     0.6575968         0.6575968
5           0.7736386     0.6163614         0.6163614
6           0.7843355     0.6056645         0.6056645
7           0.8433530     0.5466470         0.5466470
8           0.6530864     0.7369136         0.7369136
9           0.6625484     0.7274516         0.7274516
10          0.6890407     0.7009593         0.7009593
11          0.7176767     0.6723233         0.6723233
12          0.7592957     0.6307043         0.6307043
13          0.7819749     0.6080251         0.6080251
14          0.8302500     0.5597500         0.5597500
15          0.6354143     0.7545857         0.7545857
16          0.6660884     0.7239116         0.7239116
17          0.6861343     0.7038657         0.7038657
18          0.7135614     0.6764386         0.6764386
19          0.7407130     0.6492870         0.6492870
20          0.7712667     0.6187333         0.6187333
21          0.8224092     0.5675908         0.5675908