Sample_Size  PB cs_value Mean_Coef_Two_Stage Bias_Two_Stage
1          200 0.5     0.80           -2.539291      -1.149291
2          200 0.5     0.75           -2.458024      -1.068024
3          200 0.5     0.67           -2.533270      -1.143270
4          200 0.5     0.58           -2.555671      -1.165671
5          200 0.5     0.48           -2.535168      -1.145168
6          200 0.5     0.39           -2.483793      -1.093793
7          200 0.5     0.29           -2.586543      -1.196543
8          500 0.5     0.80           -2.542419      -1.152419
9          500 0.5     0.75           -2.500075      -1.110075
10         500 0.5     0.67           -2.558685      -1.168685
11         500 0.5     0.58           -2.502766      -1.112766
12         500 0.5     0.48           -2.536653      -1.146653
13         500 0.5     0.39           -2.484132      -1.094132
14         500 0.5     0.29           -2.556925      -1.166925
15        1000 0.5     0.80           -2.535610      -1.145610
16        1000 0.5     0.75           -2.534884      -1.144884
17        1000 0.5     0.67           -2.553674      -1.163674
18        1000 0.5     0.58           -2.558903      -1.168903
19        1000 0.5     0.48           -2.520338      -1.130338
20        1000 0.5     0.39           -2.506545      -1.116545
21        1000 0.5     0.29           -2.538182      -1.148182
   Abs_Bias_Two_Stage Mean_Coef_Copula Bias_Copula Abs_Bias_Copula
1            1.149291        -1.522410 -0.13241047      0.13241047
2            1.068024        -1.514811 -0.12481058      0.12481058
3            1.143270        -1.541452 -0.15145225      0.15145225
4            1.165671        -1.538069 -0.14806902      0.14806902
5            1.145168        -1.529854 -0.13985390      0.13985390
6            1.093793        -1.488203 -0.09820336      0.09820336
7            1.196543        -1.530197 -0.14019737      0.14019737
8            1.152419        -1.452574 -0.06257370      0.06257370
9            1.110075        -1.452362 -0.06236187      0.06236187
10           1.168685        -1.435140 -0.04514048      0.04514048
11           1.112766        -1.443691 -0.05369116      0.05369116
12           1.146653        -1.436398 -0.04639771      0.04639771
13           1.094132        -1.453538 -0.06353816      0.06353816
14           1.166925        -1.469781 -0.07978117      0.07978117
15           1.145610        -1.428937 -0.03893733      0.03893733
16           1.144884        -1.419074 -0.02907391      0.02907391
17           1.163674        -1.422151 -0.03215090      0.03215090
18           1.168903        -1.427852 -0.03785243      0.03785243
19           1.130338        -1.422599 -0.03259940      0.03259940
20           1.116545        -1.422900 -0.03290020      0.03290020
21           1.148182        -1.432523 -0.04252286      0.04252286
   Mean_Coef_Survival Bias_Survival Abs_Bias_Survival
1           0.6759130     0.7140870         0.7140870
2           0.6945803     0.6954197         0.6954197
3           0.7184420     0.6715580         0.6715580
4           0.7316142     0.6583858         0.6583858
5           0.7746607     0.6153393         0.6153393
6           0.7687912     0.6212088         0.6212088
7           0.8088427     0.5811573         0.5811573
8           0.6451027     0.7448973         0.7448973
9           0.6718793     0.7181207         0.7181207
10          0.6888840     0.7011160         0.7011160
11          0.7183647     0.6716353         0.6716353
12          0.7423605     0.6476395         0.6476395
13          0.7622801     0.6277199         0.6277199
14          0.7960599     0.5939401         0.5939401
15          0.6384501     0.7515499         0.7515499
16          0.6567969     0.7332031         0.7332031
17          0.6877661     0.7022339         0.7022339
18          0.7165374     0.6734626         0.6734626
19          0.7311412     0.6588588         0.6588588
20          0.7597727     0.6302273         0.6302273
21          0.7930959     0.5969041         0.5969041