Sample_Size   PB cs_value Mean_Coef_Two_Stage Bias_Two_Stage
1          200 0.75     0.80           -2.726823      -1.336823
2          200 0.75     0.75           -2.708203      -1.318203
3          200 0.75     0.67           -2.730267      -1.340267
4          200 0.75     0.58           -2.673206      -1.283206
5          200 0.75     0.48           -2.644394      -1.254394
6          200 0.75     0.39           -2.594442      -1.204442
7          200 0.75     0.29           -2.576403      -1.186403
8          500 0.75     0.80           -2.746696      -1.356696
9          500 0.75     0.75           -2.730218      -1.340218
10         500 0.75     0.67           -2.664204      -1.274204
11         500 0.75     0.58           -2.638015      -1.248015
12         500 0.75     0.48           -2.551401      -1.161401
13         500 0.75     0.39           -2.556848      -1.166848
14         500 0.75     0.29           -2.603362      -1.213362
15        1000 0.75     0.80           -2.742091      -1.352091
16        1000 0.75     0.75           -2.757574      -1.367574
17        1000 0.75     0.67           -2.709903      -1.319903
18        1000 0.75     0.58           -2.643344      -1.253344
19        1000 0.75     0.48           -2.633524      -1.243524
20        1000 0.75     0.39           -2.594899      -1.204899
21        1000 0.75     0.29           -2.576604      -1.186604
   Abs_Bias_Two_Stage Mean_Coef_Copula Bias_Copula Abs_Bias_Copula
1            1.336823        -1.537153 -0.14715285      0.14715285
2            1.318203        -1.484573 -0.09457262      0.09457262
3            1.340267        -1.529387 -0.13938731      0.13938731
4            1.283206        -1.517984 -0.12798382      0.12798382
5            1.254394        -1.525109 -0.13510936      0.13510936
6            1.204442        -1.510869 -0.12086947      0.12086947
7            1.186403        -1.511696 -0.12169570      0.12169570
8            1.356696        -1.473175 -0.08317548      0.08317548
9            1.340218        -1.463855 -0.07385502      0.07385502
10           1.274204        -1.439479 -0.04947855      0.04947855
11           1.248015        -1.430732 -0.04073164      0.04073164
12           1.161401        -1.417838 -0.02783760      0.02783760
13           1.166848        -1.445122 -0.05512194      0.05512194
14           1.213362        -1.457379 -0.06737873      0.06737873
15           1.352091        -1.414037 -0.02403749      0.02403749
16           1.367574        -1.420040 -0.03004001      0.03004001
17           1.319903        -1.422261 -0.03226061      0.03226061
18           1.253344        -1.404959 -0.01495895      0.01495895
19           1.243524        -1.402533 -0.01253339      0.01253339
20           1.204899        -1.407142 -0.01714237      0.01714237
21           1.186604        -1.420839 -0.03083944      0.03083944
   Mean_Coef_Survival Bias_Survival Abs_Bias_Survival
1           0.6623226     0.7276774         0.7276774
2           0.6654983     0.7245017         0.7245017
3           0.7003299     0.6896701         0.6896701
4           0.6906801     0.6993199         0.6993199
5           0.6996685     0.6903315         0.6903315
6           0.7096339     0.6803661         0.6803661
7           0.7358574     0.6541426         0.6541426
8           0.6489722     0.7410278         0.7410278
9           0.6693148     0.7206852         0.7206852
10          0.6805737     0.7094263         0.7094263
11          0.6684272     0.7215728         0.7215728
12          0.6750618     0.7149382         0.7149382
13          0.6946770     0.6953230         0.6953230
14          0.7271142     0.6628858         0.6628858
15          0.6367238     0.7532762         0.7532762
16          0.6642268     0.7257732         0.7257732
17          0.6720909     0.7179091         0.7179091
18          0.6713657     0.7186343         0.7186343
19          0.6797656     0.7102344         0.7102344
20          0.6862040     0.7037960         0.7037960
21          0.7098072     0.6801928         0.6801928